[
    [
        [
            [5, -1, 5, -1, 5, 1, 5], 
            [-1, 9, -1, 7, 1, 9, 1], 
            [5, 1, 5, -1, 5, 1, 5], 
            [-1, 9, 1, 7, 1, 9, 1], 
            [5, 1, 5, -1, 5, 1, 5], 
            [-1, 9, 1, 9, 1, 9, 1], 
            [5, -1, 5, -1, 5, 1, 5]
        ], 
        array([0., 0., 0., 0., 0., 0., 0., 0., 0., 0., 0., 0., 0., 0., 0., 0., 0.,
        0., 0., 0., 0., 0., 0., 0., 0., 0., 0., 0., 0., 0., 0., 0., 0., 0.,
        0., 0., 0., 0., 0., 0., 0., 0., 0., 1., 0., 0., 0., 0., 0.]), -1
    ],
    [
        [
            [5, -1, 5, -1, 5, 1, 5], 
            [-1, 9, -1, 7, 1, 9, 1], 
            [5, 1, 5, -1, 5, 1, 5], 
            [-1, 9, 1, 7, 1, 9, 1], 
            [5, 1, 5, -1, 5, 1, 5], 
            [-1, 9, 1, 9, 1, 9, 1], 
            [5, -1, 5, -1, 5, 1, 5]
        ], 
        array([0., 0., 0., 0., 0., 0., 0., 0., 0., 0., 0., 0., 0., 0., 0., 0., 0.,
        0., 0., 0., 0., 0., 0., 0., 0., 0., 0., 0., 0., 0., 0., 0., 0., 0.,
        0., 0., 0., 0., 0., 0., 0., 1., 0., 0., 0., 0., 0., 0., 0.]), 1
    ], 
       
    [
        [
            [5, -1, 5, -1, 5, 1, 5], 
            [-1, 9, -1, 7, 1, 9, 1], 
            [5, 1, 5, -1, 5, 1, 5], 
            [-1, 9, 1, 7, 1, 9, 1], 
            [5, 1, 5, -1, 5, 1, 5], 
            [-1, 9, 1, 9, 1, 9, 1], 
            [5, -1, 5, -1, 5, 1, 5]], 
            array([0., 0., 0., 0., 0., 0., 0., 0., 0., 0., 0., 0., 0., 0., 0., 0., 0.,
       0., 0., 0., 0., 0., 0., 0., 0., 0., 0., 0., 0., 0., 0., 0., 0., 0.,
       0., 0., 0., 0., 0., 0., 0., 0., 0., 0., 0., 1., 0., 0., 0.]), -1], [[[5, -1, 5, -1, 5, 1, 5], [-1, 9, -1, 7, 1, 9, 1], [5, 1, 5, -1, 5, 1, 5], [-1, 9, 1, 7, 1, 9, 1], [5, 1, 5, -1, 5, 1, 5], [-1, 9, 1, 9, 1, 9, 1], [5, -1, 5, -1, 5, 1, 5]], array([0., 0., 0., 0., 0., 0., 0., 0., 0., 0., 0., 0., 0., 0., 0., 0., 0.,
       0., 0., 0., 0., 0., 0., 0., 0., 0., 0., 0., 0., 0., 0., 0., 0., 0.,
       0., 0., 0., 0., 0., 0., 0., 0., 0., 0., 0., 0., 0., 1., 0.]), 1], [[[5, -1, 5, -1, 5, 1, 5], [-1, 9, -1, 7, 1, 9, 1], [5, 1, 5, -1, 5, 1, 5], [-1, 9, 1, 7, 1, 9, 1], [5, 1, 5, -1, 5, 1, 5], [-1, 9, 1, 9, 1, 9, 1], [5, -1, 5, -1, 5, 1, 5]], array([0., 1., 0., 0., 0., 0., 0., 0., 0., 0., 0., 0., 0., 0., 0., 0., 0.,
       0., 0., 0., 0., 0., 0., 0., 0., 0., 0., 0., 0., 0., 0., 0., 0., 0.,
       0., 0., 0., 0., 0., 0., 0., 0., 0., 0., 0., 0., 0., 0., 0.]), -1], [[[5, -1, 5, -1, 5, 1, 5], [-1, 9, -1, 7, 1, 9, 1], [5, 1, 5, -1, 5, 1, 5], [-1, 9, 1, 7, 1, 9, 1], [5, 1, 5, -1, 5, 1, 5], [-1, 9, 1, 9, 1, 9, 1], [5, -1, 5, -1, 5, 1, 5]], array([0., 0., 0., 0., 0., 0., 0., 0., 0., 0., 0., 1., 0., 0., 0., 0., 0.,
       0., 0., 0., 0., 0., 0., 0., 0., 0., 0., 0., 0., 0., 0., 0., 0., 0.,
       0., 0., 0., 0., 0., 0., 0., 0., 0., 0., 0., 0., 0., 0., 0.]), 1], [[[5, -1, 5, -1, 5, 1, 5], [-1, 9, -1, 7, 1, 9, 1], [5, 1, 5, -1, 5, 1, 5], [-1, 9, 1, 7, 1, 9, 1], [5, 1, 5, -1, 5, 1, 5], [-1, 9, 1, 9, 1, 9, 1], [5, -1, 5, -1, 5, 1, 5]], array([0., 0., 0., 0., 0., 0., 0., 0., 0., 0., 0., 0., 0., 0., 0., 0., 0.,
       0., 0., 0., 0., 1., 0., 0., 0., 0., 0., 0., 0., 0., 0., 0., 0., 0.,
       0., 0., 0., 0., 0., 0., 0., 0., 0., 0., 0., 0., 0., 0., 0.]), -1], [[[5, -1, 5, -1, 5, 1, 5], [-1, 9, -1, 7, 1, 9, 1], [5, 1, 5, -1, 5, 1, 5], [-1, 9, 1, 7, 1, 9, 1], [5, 1, 5, -1, 5, 1, 5], [-1, 9, 1, 9, 1, 9, 1], [5, -1, 5, -1, 5, 1, 5]], array([0., 0., 0., 0., 0., 0., 0., 0., 0., 0., 0., 0., 0., 0., 0., 0., 0.,
       0., 0., 0., 0., 0., 0., 1., 0., 0., 0., 0., 0., 0., 0., 0., 0., 0.,
       0., 0., 0., 0., 0., 0., 0., 0., 0., 0., 0., 0., 0., 0., 0.]), 1], [[[5, -1, 5, -1, 5, 1, 5], [-1, 9, -1, 7, 1, 9, 1], [5, 1, 5, -1, 5, 1, 5], [-1, 9, 1, 7, 1, 9, 1], [5, 1, 5, -1, 5, 1, 5], [-1, 9, 1, 9, 1, 9, 1], [5, -1, 5, -1, 5, 1, 5]], array([0., 0., 0., 0., 0., 0., 0., 0., 0., 0., 0., 0., 0., 0., 0., 0., 0.,
       0., 0., 0., 0., 0., 0., 0., 0., 0., 0., 0., 0., 0., 0., 1., 0., 0.,
       0., 0., 0., 0., 0., 0., 0., 0., 0., 0., 0., 0., 0., 0., 0.]), -1], [[[5, -1, 5, -1, 5, 1, 5], [-1, 9, -1, 7, 1, 9, 1], [5, 1, 5, -1, 5, 1, 5], [-1, 9, 1, 7, 1, 9, 1], [5, 1, 5, -1, 5, 1, 5], [-1, 9, 1, 9, 1, 9, 1], [5, -1, 5, -1, 5, 1, 5]], array([0., 0., 0., 0., 0., 1., 0., 0., 0., 0., 0., 0., 0., 0., 0., 0., 0.,
       0., 0., 0., 0., 0., 0., 0., 0., 0., 0., 0., 0., 0., 0., 0., 0., 0.,
       0., 0., 0., 0., 0., 0., 0., 0., 0., 0., 0., 0., 0., 0., 0.]), 1], [[[5, -1, 5, -1, 5, 1, 5], [-1, 9, -1, 7, 1, 9, 1], [5, 1, 5, -1, 5, 1, 5], [-1, 9, 1, 7, 1, 9, 1], [5, 1, 5, -1, 5, 1, 5], [-1, 9, 1, 9, 1, 9, 1], [5, -1, 5, -1, 5, 1, 5]], array([0., 0., 0., 0., 0., 0., 0., 0., 0., 1., 0., 0., 0., 0., 0., 0., 0.,
       0., 0., 0., 0., 0., 0., 0., 0., 0., 0., 0., 0., 0., 0., 0., 0., 0.,
       0., 0., 0., 0., 0., 0., 0., 0., 0., 0., 0., 0., 0., 0., 0.]), -1], [[[5, -1, 5, -1, 5, 1, 5], [-1, 9, -1, 7, 1, 9, 1], [5, 1, 5, -1, 5, 1, 5], [-1, 9, 1, 7, 1, 9, 1], [5, 1, 5, -1, 5, 1, 5], [-1, 9, 1, 9, 1, 9, 1], [5, -1, 5, -1, 5, 1, 5]], array([0., 0., 0., 0., 0., 0., 0., 0., 0., 0., 0., 0., 0., 0., 0., 0., 0.,
       0., 0., 0., 0., 0., 0., 0., 0., 0., 0., 1., 0., 0., 0., 0., 0., 0.,
       0., 0., 0., 0., 0., 0., 0., 0., 0., 0., 0., 0., 0., 0., 0.]), 1], [[[5, -1, 5, -1, 5, 1, 5], [-1, 9, -1, 7, 1, 9, 1], [5, 1, 5, -1, 5, 1, 5], [-1, 9, 1, 7, 1, 9, 1], [5, 1, 5, -1, 5, 1, 5], [-1, 9, 1, 9, 1, 9, 1], [5, -1, 5, -1, 5, 1, 5]], array([0., 0., 0., 0., 0., 0., 0., 0., 0., 0., 0., 0., 0., 0., 0., 0., 0.,
       0., 0., 0., 0., 0., 0., 0., 0., 0., 0., 0., 0., 0., 0., 0., 0., 0.,
       0., 1., 0., 0., 0., 0., 0., 0., 0., 0., 0., 0., 0., 0., 0.]), -1], [[[5, -1, 5, -1, 5, 1, 5], [-1, 9, -1, 7, 1, 9, 1], [5, 1, 5, -1, 5, 1, 5], [-1, 9, 1, 7, 1, 9, 1], [5, 1, 5, -1, 5, 1, 5], [-1, 9, 1, 9, 1, 9, 1], [5, -1, 5, -1, 5, 1, 5]], array([0., 0., 0., 0., 0., 0., 0., 0., 0., 0., 0., 0., 0., 0., 0., 0., 0.,
       0., 0., 0., 0., 0., 0., 0., 0., 1., 0., 0., 0., 0., 0., 0., 0., 0.,
       0., 0., 0., 0., 0., 0., 0., 0., 0., 0., 0., 0., 0., 0., 0.]), 1], [[[5, -1, 5, -1, 5, 1, 5], [-1, 9, -1, 7, 1, 9, 1], [5, 1, 5, -1, 5, 1, 5], [-1, 9, 1, 7, 1, 9, 1], [5, 1, 5, -1, 5, 1, 5], [-1, 9, 1, 9, 1, 9, 1], [5, -1, 5, -1, 5, 1, 5]], array([0., 0., 0., 0., 0., 0., 0., 0., 0., 0., 0., 0., 0., 0., 0., 0., 0.,
       1., 0., 0., 0., 0., 0., 0., 0., 0., 0., 0., 0., 0., 0., 0., 0., 0.,
       0., 0., 0., 0., 0., 0., 0., 0., 0., 0., 0., 0., 0., 0., 0.]), -1], [[[5, -1, 5, -1, 5, 1, 5], [-1, 9, -1, 7, 1, 9, 1], [5, 1, 5, -1, 5, 1, 5], [-1, 9, 1, 7, 1, 9, 1], [5, 1, 5, -1, 5, 1, 5], [-1, 9, 1, 9, 1, 9, 1], [5, -1, 5, -1, 5, 1, 5]], array([0., 0., 0., 1., 0., 0., 0., 0., 0., 0., 0., 0., 0., 0., 0., 0., 0.,
       0., 0., 0., 0., 0., 0., 0., 0., 0., 0., 0., 0., 0., 0., 0., 0., 0.,
       0., 0., 0., 0., 0., 0., 0., 0., 0., 0., 0., 0., 0., 0., 0.]), -1], [[[5, -1, 5, -1, 5, 1, 5], [-1, 9, -1, 7, 1, 9, 1], [5, 1, 5, -1, 5, 1, 5], [-1, 9, 1, 7, 1, 9, 1], [5, 1, 5, -1, 5, 1, 5], [-1, 9, 1, 9, 1, 9, 1], [5, -1, 5, -1, 5, 1, 5]], array([0., 0., 0., 0., 0., 0., 0., 1., 0., 0., 0., 0., 0., 0., 0., 0., 0.,
       0., 0., 0., 0., 0., 0., 0., 0., 0., 0., 0., 0., 0., 0., 0., 0., 0.,
       0., 0., 0., 0., 0., 0., 0., 0., 0., 0., 0., 0., 0., 0., 0.]), -1], [[[5, -1, 5, -1, 5, 1, 5], [-1, 9, -1, 7, 1, 9, 1], [5, 1, 5, -1, 5, 1, 5], [-1, 9, 1, 7, 1, 9, 1], [5, 1, 5, -1, 5, 1, 5], [-1, 9, 1, 9, 1, 9, 1], [5, -1, 5, -1, 5, 1, 5]], array([0., 0., 0., 0., 0., 0., 0., 0., 0., 0., 0., 0., 0., 0., 0., 1., 0.,
       0., 0., 0., 0., 0., 0., 0., 0., 0., 0., 0., 0., 0., 0., 0., 0., 0.,
       0., 0., 0., 0., 0., 0., 0., 0., 0., 0., 0., 0., 0., 0., 0.]), 1], [[[5, -1, 5, -1, 5, 1, 5], [-1, 9, -1, 7, 1, 9, 1], [5, 1, 5, -1, 5, 1, 5], [-1, 9, 1, 7, 1, 9, 1], [5, 1, 5, -1, 5, 1, 5], [-1, 9, 1, 9, 1, 9, 1], [5, -1, 5, -1, 5, 1, 5]], array([0., 0., 0., 0., 0., 0., 0., 0., 0., 0., 0., 0., 0., 0., 0., 0., 0.,
       0., 0., 0., 0., 0., 0., 0., 0., 0., 0., 0., 0., 1., 0., 0., 0., 0.,
       0., 0., 0., 0., 0., 0., 0., 0., 0., 0., 0., 0., 0., 0., 0.]), 1], [[[5, -1, 5, -1, 5, 1, 5], [-1, 9, -1, 7, 1, 9, 1], [5, 1, 5, -1, 5, 1, 5], [-1, 9, 1, 7, 1, 9, 1], [5, 1, 5, -1, 5, 1, 5], [-1, 9, 1, 9, 1, 9, 1], [5, -1, 5, -1, 5, 1, 5]], array([0., 0., 0., 0., 0., 0., 0., 0., 0., 0., 0., 0., 0., 0., 0., 0., 0.,
       0., 0., 0., 0., 0., 0., 0., 0., 0., 0., 0., 0., 0., 0., 0., 0., 0.,
       0., 0., 0., 1., 0., 0., 0., 0., 0., 0., 0., 0., 0., 0., 0.]), 1], [[[5, -1, 5, -1, 5, 1, 5], [-1, 9, -1, 7, 1, 9, 1], [5, 1, 5, -1, 5, 1, 5], [-1, 9, 1, 7, 1, 9, 1], [5, 1, 5, -1, 5, 1, 5], [-1, 9, 1, 9, 1, 9, 1], [5, -1, 5, -1, 5, 1, 5]], array([0., 0., 0., 0., 0., 0., 0., 0., 0., 0., 0., 0., 0., 0., 0., 0., 0.,
       0., 0., 0., 0., 0., 0., 0., 0., 0., 0., 0., 0., 0., 0., 0., 0., 0.,
       0., 0., 0., 0., 0., 1., 0., 0., 0., 0., 0., 0., 0., 0., 0.]), 1], [[[5, -1, 5, -1, 5, 1, 5], [-1, 9, -1, 7, 1, 9, 1], [5, 1, 5, -1, 5, 1, 5], [-1, 9, 1, 7, 1, 9, 1], [5, 1, 5, -1, 5, 1, 5], [-1, 9, 1, 9, 1, 9, 1], [5, -1, 5, -1, 5, 1, 5]], array([0., 0., 0., 0., 0., 0., 0., 0., 0., 0., 0., 0., 0., 0., 0., 0., 0.,
       0., 0., 0., 0., 0., 0., 0., 0., 0., 0., 0., 0., 0., 0., 0., 0., 1.,
       0., 0., 0., 0., 0., 0., 0., 0., 0., 0., 0., 0., 0., 0., 0.]), 1], [[[5, -1, 5, -1, 5, 1, 5], [-1, 9, -1, 7, 1, 9, 1], [5, 1, 5, -1, 5, 1, 5], [-1, 9, 1, 7, 1, 9, 1], [5, 1, 5, -1, 5, 1, 5], [-1, 9, 1, 9, 1, 9, 1], [5, -1, 5, -1, 5, 1, 5]], array([0., 0., 0., 0., 0., 0., 0., 0., 0., 0., 0., 0., 0., 0., 0., 0., 0.,
       0., 0., 1., 0., 0., 0., 0., 0., 0., 0., 0., 0., 0., 0., 0., 0., 0.,
       0., 0., 0., 0., 0., 0., 0., 0., 0., 0., 0., 0., 0., 0., 0.]), 1], [[[5, -1, 5, -1, 5, 1, 5], [-1, 9, -1, 7, 1, 9, 1], [5, 1, 5, -1, 5, 1, 5], [-1, 9, 1, 7, 1, 9, 1], [5, 1, 5, -1, 5, 1, 5], [-1, 9, 1, 9, 1, 9, 1], [5, -1, 5, -1, 5, 1, 5]], array([0., 0., 0., 0., 0., 0., 0., 0., 0., 0., 0., 0., 0., 1., 0., 0., 0.,
       0., 0., 0., 0., 0., 0., 0., 0., 0., 0., 0., 0., 0., 0., 0., 0., 0.,
       0., 0., 0., 0., 0., 0., 0., 0., 0., 0., 0., 0., 0., 0., 0.]), 1]]